010000101101111011011111
010010011000111011000010
010100000011111010100101
010101101110111010001000
010111011001111001101011
011001000100111001001110
011010101111111000110001
011100011010111000010100
011110000101110111110111
011111110000110111011010
100001011011110110111101
100011000110110110100000
110010010010110100100110
100100110001110110000011
100110011100110101100110
101000000111110101001001
101001110010110100101100
101011011101110100001111
101101001000110011110010
101110110011110011010101
110000011110110010111000
110010001001110010011011
110011110100110001111110
110101011111110001100001
110111001010110001000100
111000110101110000100111
111010100000110000001010
111100001011101111101101
111101110110101111010000
111111100001101110110011